Version 0.9.7
6
 4 10 175 77 128 0 1
 5 80 400 206 81 2 2
 0 237 267 877 276 8 3
 1 233 707 206 81 140 4
 6 462 38 449 130 150 5
 3 486 626 203 58 183 6
 0
39
 255 5 71 228 71 228 228 228 228 281 290 281 290 281 0 1 0 3
 255 5 1057 281 1057 281 1057 281 1057 294 1057 294 1057 294 0 3 0 3
 65793 5 71 249 71 249 219 249 219 515 290 515 290 515 0 1 0 3
 65793 5 1057 515 1057 515 1057 515 1057 528 1057 528 1057 528 0 3 0 3
 255 5 290 294 290 294 230 294 230 718 248 718 248 718 0 3 0 4
 65793 5 290 528 290 528 218 528 218 776 248 776 248 776 0 3 0 4
 65793 5 497 663 497 663 472 663 472 663 472 528 472 528 0 6 0 3
 255 5 524 294 524 294 524 294 524 333 524 333 524 333 0 3 0 3
 65793 5 615 515 615 515 615 515 615 476 615 476 615 476 0 3 0 3
 16711680 5 563 333 563 333 563 174 811 174 811 161 811 161 0 3 0 5
 16711680 5 576 333 576 333 576 180 824 180 824 161 824 161 0 3 0 5
 16711680 5 589 333 589 333 589 186 837 186 837 161 837 161 0 3 0 5
 16711680 5 602 333 602 333 602 192 850 192 850 161 850 161 0 3 0 5
 16711680 5 615 333 615 333 615 199 863 199 863 161 863 161 0 3 0 5
 16711680 5 537 333 537 333 537 205 876 205 876 161 876 161 0 3 0 5
 16711680 5 550 333 550 333 550 211 889 211 889 161 889 161 0 3 0 5
 255 5 472 281 472 281 455 281 455 65 478 65 478 65 0 3 0 5
 8404992 5 422 744 422 744 672 744 672 744 672 670 672 670 0 4 0 6
 8404992 5 403 744 403 744 652 744 652 744 652 670 652 670 0 4 0 6
 8404992 5 384 744 384 744 632 744 632 744 632 670 632 670 0 4 0 6
 8404992 5 365 744 365 744 612 744 612 744 612 670 612 670 0 4 0 6
 8421376 5 346 731 346 731 592 731 592 731 592 670 592 670 0 4 0 6
 8421376 5 327 731 327 731 572 731 572 731 572 670 572 670 0 4 0 6
 8421376 5 308 731 308 731 552 731 552 731 552 670 552 670 0 4 0 6
 8421376 5 289 731 289 731 532 731 532 731 532 670 532 670 0 4 0 6
 33023 5 446 372 466 372 466 559 602 559 602 476 602 476 0 3 0 3
 128 5 420 476 420 476 420 487 524 487 524 476 524 476 0 3 0 3
 64 5 384 718 384 697 393 697 393 476 394 476 394 476 0 4 0 3
 64 5 368 476 368 476 368 499 537 499 537 476 537 476 0 3 0 3
 128 5 433 476 433 476 434 476 434 683 403 683 403 718 0 3 0 4
 0 5 407 515 407 520 155 520 155 261 407 261 407 333 0 3 0 3
 255 5 407 476 407 485 188 485 188 288 303 288 303 294 0 3 0 3
 33023 5 422 718 422 702 197 702 197 324 420 324 420 333 0 4 0 3
 128 5 446 476 446 476 446 689 327 689 327 718 327 718 0 3 0 4
 33023 5 433 333 433 317 165 317 165 695 346 695 346 718 0 3 0 4
 64 5 308 718 308 718 308 682 381 682 381 476 381 476 0 4 0 3
 16384 5 289 718 289 718 289 674 355 674 355 476 355 476 0 4 0 3
 16384 5 365 718 365 668 135 668 135 309 355 309 355 333 0 4 0 3
 16384 5 368 333 368 302 127 302 127 491 589 491 589 476 0 3 0 3
2
 7047 1 16 518 385 5 0 0 228078227 3
 7083 1 16 349 385 5 0 0 228078227 3
