Version 0.9.7
7
 4 17 455 77 128 0 1
 5 94 400 206 81 2 2
 1 173 54 206 81 18 4
 1 390 54 206 81 28 5
 1 608 54 206 81 38 6
 3 242 519 203 58 48 7
 0 104 176 877 276 57 8
 0
29
 65793 5 78 568 78 568 103 568 103 437 157 437 157 437 0 1 0 8
 255 5 78 469 78 469 78 190 78 190 157 190 157 190 0 1 0 8
 255 5 924 190 924 190 924 190 924 203 924 203 924 203 0 8 0 8
 65793 5 924 437 924 437 924 437 924 424 924 424 924 424 0 8 0 8
 65793 5 911 424 871 424 871 143 623 143 623 123 623 123 0 8 0 6
 65793 5 898 424 871 424 871 143 405 143 405 123 405 123 0 8 0 5
 65793 5 885 424 871 424 871 143 188 143 188 123 188 123 0 8 0 4
 255 5 911 190 872 190 872 153 623 153 623 65 623 65 0 8 0 6
 255 5 898 190 872 190 872 153 404 153 404 65 405 65 0 8 0 5
 255 5 885 190 872 190 872 154 188 154 188 65 188 65 0 8 0 4
 0 5 235 437 235 437 235 556 235 556 253 556 253 556 0 8 0 7
 255 5 339 203 339 203 339 203 339 242 339 242 339 242 0 8 0 8
 0 5 482 424 482 424 482 424 482 385 482 385 482 385 0 8 0 8
 4227072 5 428 563 428 563 443 563 443 563 443 385 443 385 0 7 0 8
 4227072 5 408 563 408 563 456 563 456 563 456 385 456 385 0 7 0 8
 4227072 5 388 563 388 563 469 563 469 563 469 385 469 385 0 7 0 8
 4227072 5 368 563 368 563 490 563 490 281 482 281 482 281 0 7 0 8
 65535 5 362 65 362 60 96 60 96 464 352 464 352 385 0 4 0 8
 65535 5 343 65 343 65 96 65 96 165 352 165 352 242 0 4 0 8
 8388608 5 797 65 797 65 989 65 989 465 404 465 404 385 0 6 0 8
 8388608 5 778 65 778 65 989 65 989 465 391 465 391 385 0 6 0 8
 8388608 5 759 65 759 65 989 65 989 465 378 465 378 385 0 6 0 8
 8388608 5 740 65 989 65 989 465 365 465 365 385 365 385 0 6 0 8
 65535 5 324 65 96 65 96 165 378 165 378 242 378 242 0 4 0 8
 65535 5 305 65 305 65 96 65 96 165 404 165 404 242 0 4 0 8
 33023 5 541 65 541 60 92 60 92 241 391 241 391 242 0 5 0 8
 33023 5 522 65 522 60 92 60 92 242 417 242 417 242 0 5 0 8
 33023 5 560 65 560 65 560 60 92 60 92 242 365 242 0 5 0 8
 33023 5 579 65 579 65 579 60 92 60 92 385 339 385 0 5 0 8
1
 7181 1 24 333 294 5 0 0 12204 8
