Version 0.9.7
7
 4 10 175 77 128 0 1
 5 80 400 206 81 2 2
 0 150 150 877 276 8 3
 3 803 4 203 58 140 4
 1 76 38 206 81 149 5
 1 78 497 206 81 189 6
 3 803 470 203 58 199 7
 0
26
 0 5 593 398 593 398 593 398 593 359 593 359 593 359 0 3 0 3
 0 5 489 398 489 398 489 398 489 359 489 359 489 359 0 3 0 3
 255 5 91 49 91 49 110 49 110 177 203 177 203 177 0 5 0 3
 255 5 71 189 71 189 71 164 71 164 203 164 203 164 0 1 0 3
 255 5 970 164 970 164 970 164 970 177 970 177 970 177 0 3 0 3
 0 5 970 411 970 411 970 411 970 398 970 398 970 398 0 3 0 3
 255 5 411 177 411 177 411 177 411 177 411 216 411 216 0 3 0 3
 255 5 515 177 515 177 515 177 515 216 515 216 515 216 0 3 0 3
 32768 5 265 49 265 49 265 16 424 16 424 216 424 216 0 5 0 3
 16711680 5 246 62 246 62 246 3 437 3 437 216 437 216 0 5 0 3
 8421440 5 450 216 450 216 450 78 849 78 849 48 849 48 0 3 0 4
 8421440 5 554 216 554 216 554 95 869 95 869 48 869 48 0 3 0 4
 32768 5 265 62 265 62 265 24 528 24 528 216 528 216 0 5 0 3
 16711680 5 246 49 246 49 246 10 541 10 541 216 541 216 0 5 0 3
 255 5 216 177 216 177 110 177 110 508 93 508 93 508 0 3 0 6
 16711680 5 248 508 248 508 248 456 411 456 411 359 411 359 0 6 0 3
 16711680 5 248 521 248 521 248 462 515 462 515 359 515 359 0 6 0 3
 32768 5 267 508 267 508 267 473 424 473 424 359 424 359 0 6 0 3
 32768 5 267 521 267 521 267 482 528 482 528 359 528 359 0 6 0 3
 65793 5 814 411 814 411 814 411 814 507 814 507 814 507 0 3 0 7
 65793 5 814 398 814 398 814 398 814 41 814 41 814 41 0 3 0 4
 65793 5 216 411 216 411 72 411 72 566 93 566 93 566 0 3 0 6
 65793 5 203 398 203 398 91 398 91 398 91 107 91 107 0 3 0 5
 65793 5 203 411 203 411 71 411 71 411 71 288 71 288 0 3 0 1
 16744448 5 437 359 437 359 437 569 849 569 849 514 849 514 0 3 0 7
 16744448 5 541 359 541 359 541 556 869 556 869 514 869 514 0 3 0 7
2
 7008 1 14 405 268 5 0 0 -403092599 3
 7086 1 14 509 268 5 0 0 -403092599 3
