Version 0.9.7
5
 4 10 175 77 128 0 1
 5 80 400 206 81 2 2
 0 220 220 877 276 8 3
 3 1016 538 203 58 140 4
 1 217 521 206 81 149 5
 0
25
 65793 5 71 288 71 288 71 481 71 481 273 481 273 481 0 1 0 3
 65793 5 1040 481 1040 481 1040 481 1040 468 1040 468 1040 468 0 3 0 3
 255 5 273 234 273 234 113 234 113 189 71 189 71 189 0 3 0 1
 255 5 1040 234 1040 234 1040 234 1040 247 1040 247 1040 247 0 3 0 3
 0 5 1027 481 1027 481 1027 481 1027 575 1027 575 1027 575 0 3 0 4
 0 5 71 275 71 275 91 275 91 590 232 590 232 590 0 1 0 5
 255 5 71 202 71 202 102 202 102 532 232 532 232 532 0 1 0 5
 8454143 5 273 532 273 532 273 532 273 429 273 429 273 429 0 5 0 3
 8454143 5 292 532 292 532 292 532 286 532 286 429 286 429 0 5 0 3
 255 5 273 247 273 247 273 247 273 286 273 286 273 286 0 3 0 3
 255 5 390 247 390 247 390 247 390 286 390 286 390 286 0 3 0 3
 0 5 351 468 351 468 351 468 351 429 351 429 351 429 0 3 0 3
 0 5 468 468 468 468 468 468 468 429 468 429 468 429 0 3 0 3
 8454143 5 273 545 273 545 273 504 390 504 390 429 390 429 0 5 0 3
 8454143 5 292 545 292 545 292 512 403 512 403 429 403 429 0 5 0 3
 255 5 546 247 546 247 546 247 546 286 546 286 546 286 0 3 0 3
 65793 5 624 468 624 468 624 468 624 429 624 429 624 429 0 3 0 3
 33023 5 299 429 299 429 299 437 546 437 546 429 546 429 0 3 0 3
 33023 5 338 429 338 429 338 444 559 444 559 429 559 429 0 3 0 3
 128 5 311 532 311 532 311 518 442 518 442 429 442 429 0 5 0 3
 128 5 311 545 311 545 320 545 320 429 325 429 325 429 0 5 0 3
 16711680 5 572 429 572 429 572 599 1062 599 1062 582 1062 582 0 3 0 4
 16711680 5 455 429 455 429 455 611 1082 611 1082 582 1082 582 0 3 0 4
 16711680 5 416 429 416 429 416 429 429 429 429 429 429 429 0 3 0 3
 16711680 5 416 416 416 416 416 423 312 423 312 429 312 429 0 3 0 3
3
 7008 1 14 267 338 5 0 0 -403092599 3
 7086 1 14 384 338 5 0 0 -403092599 3
 7032 1 14 540 338 5 0 0 -403092599 3
