Version 0.9.7
5
 4 10 175 77 128 0 1
 5 122 638 206 81 2 2
 0 110 110 877 276 8 3
 1 761 418 206 81 140 4
 3 285 454 203 58 150 5
 0
27
 255 5 71 189 71 189 71 136 163 136 163 137 163 137 0 1 0 3
 255 5 930 124 930 124 930 124 930 137 930 137 930 137 0 3 0 3
 0 5 163 358 163 358 71 358 71 358 71 288 71 288 0 3 0 1
 0 5 930 358 930 358 930 358 930 371 930 371 930 371 0 3 0 3
 0 5 296 491 296 491 176 491 176 491 176 371 176 371 0 5 0 3
 255 5 776 429 776 429 774 429 774 429 774 137 774 137 0 4 0 3
 0 5 748 371 748 371 748 487 748 487 776 487 776 487 0 3 0 4
 255 5 475 176 475 176 475 176 475 137 475 137 475 137 0 3 0 3
 0 5 553 319 553 319 553 319 553 358 553 358 553 358 0 3 0 3
 0 5 397 319 397 319 397 319 397 358 397 358 397 358 0 3 0 3
 255 5 319 176 319 176 319 176 319 137 319 137 319 137 0 3 0 3
 8454143 5 501 280 501 280 501 524 471 524 471 498 471 498 0 3 0 5
 12615935 5 345 280 345 280 345 528 451 528 451 498 451 498 0 3 0 5
 8454016 5 618 319 618 319 618 460 817 460 817 455 817 455 0 3 0 4
 16744448 5 644 319 644 319 644 449 836 449 836 455 836 455 0 3 0 4
 16744448 5 644 293 644 293 644 287 488 287 488 280 488 280 0 3 0 3
 16744448 5 644 306 644 306 644 304 332 304 332 280 332 280 0 3 0 3
 8454016 5 319 280 319 280 319 311 618 311 618 306 618 306 0 3 0 3
 8454016 5 618 293 618 293 475 293 475 293 475 280 475 280 0 3 0 3
 8454016 5 855 455 855 455 856 455 856 228 839 228 839 228 0 4 0 3
 16744448 5 874 455 874 455 874 228 874 228 865 228 865 228 0 4 0 3
 16744448 5 501 215 501 215 501 205 865 205 865 215 865 215 0 3 0 3
 8454016 5 839 215 839 215 839 209 488 209 488 215 488 215 0 3 0 3
 8454143 5 514 215 514 215 423 215 423 498 431 498 431 498 0 3 0 5
 12615935 5 358 215 358 215 395 215 395 498 411 498 411 498 0 3 0 5
 16744448 5 345 215 345 215 345 180 865 180 865 202 865 202 0 3 0 3
 8454016 5 839 202 839 202 839 188 332 188 332 215 332 215 0 3 0 3
2
 7008 1 14 313 228 5 0 0 4184 3
 7086 1 14 469 228 5 0 0 4184 3
