Version 0.9.7
5
 4 10 175 77 128 0 1
 5 80 400 206 81 2 2
 0 123 305 877 276 8 3
 3 544 175 203 58 167 6
 1 219 708 206 81 178 7
 0
46
 255 5 71 189 71 189 150 189 150 319 176 319 176 319 0 1 0 3
 0 5 189 566 189 566 191 566 191 777 234 777 234 777 0 3 0 7
 16744448 5 408 745 408 745 408 681 468 681 468 410 475 410 0 7 0 3
 16744448 5 389 745 389 745 389 680 460 680 460 475 462 475 0 7 0 3
 255 5 176 553 176 553 115 553 115 202 71 202 71 202 0 3 0 1
 0 5 71 249 141 249 141 330 176 330 176 332 176 332 0 1 0 3
 0 5 71 262 71 262 108 262 108 566 176 566 176 566 0 1 0 3
 255 5 234 719 234 719 190 719 190 553 189 553 189 553 0 7 0 3
 0 5 657 410 657 410 657 410 657 332 657 332 657 332 0 3 0 3
 255 5 657 475 657 475 657 475 657 553 657 553 657 553 0 3 0 3
 255 5 449 319 449 319 449 319 449 410 449 410 449 410 0 3 0 3
 0 5 540 475 540 475 540 475 540 566 540 566 540 566 0 3 0 3
 4227327 5 294 745 304 745 304 665 691 665 691 410 683 410 0 7 0 3
 4227327 5 696 475 696 475 696 668 261 668 261 745 275 745 0 3 0 7
 12615808 5 313 745 323 745 323 654 681 654 681 475 683 475 0 7 0 3
 12615808 5 332 745 342 745 342 640 682 640 682 410 670 410 0 7 0 3
 8454016 5 710 219 710 219 710 435 540 435 540 410 540 410 0 6 0 3
 16744448 5 730 219 730 219 730 454 527 454 527 475 527 475 0 6 0 3
 0 5 449 475 449 475 449 475 449 566 449 566 449 566 0 3 0 3
 0 5 462 410 462 410 462 410 462 332 462 332 462 332 0 3 0 3
 0 5 555 212 555 212 555 332 555 332 553 332 553 332 0 6 0 3
 255 5 150 410 150 410 150 319 150 319 189 319 189 319 0 3 0 3
 0 5 228 475 228 475 227 475 227 566 202 566 202 566 0 3 0 3
 4227327 5 294 732 294 685 151 685 151 514 150 514 150 514 0 7 0 3
 4227327 5 275 732 260 732 260 679 189 679 189 514 189 514 0 7 0 3
 16744576 5 332 732 332 641 162 641 162 514 163 514 163 514 0 7 0 3
 16744576 5 313 732 313 655 203 655 203 514 202 514 202 514 0 7 0 3
 65535 5 176 514 176 514 176 529 514 529 514 475 514 475 0 3 0 3
 65535 5 215 514 215 514 215 392 527 392 527 410 527 410 0 3 0 3
 255 5 267 410 267 410 267 410 267 319 267 319 267 319 0 3 0 3
 0 5 345 475 345 475 345 475 345 566 345 566 345 566 0 3 0 3
 4227327 5 150 501 150 501 150 495 267 495 267 501 267 501 0 3 0 3
 4227327 5 189 501 189 501 189 494 306 494 306 501 306 501 0 3 0 3
 12615808 5 163 501 163 501 163 482 280 482 280 501 280 501 0 3 0 3
 12615808 5 202 501 202 501 202 482 319 482 319 501 319 501 0 3 0 3
 65535 5 293 501 293 501 293 524 501 524 501 475 501 475 0 3 0 3
 65535 5 332 501 332 501 332 397 514 397 514 410 514 410 0 3 0 3
 255 5 774 410 774 410 774 410 774 319 774 319 774 319 0 3 0 3
 0 5 852 475 852 475 852 475 852 566 852 566 852 566 0 3 0 3
 4227327 5 294 719 294 719 294 703 774 703 774 514 774 514 0 7 0 3
 4227327 5 275 719 275 719 275 703 800 703 800 514 800 514 0 7 0 3
 65535 5 501 410 501 410 501 396 813 396 813 514 813 514 0 3 0 3
 65535 5 787 514 787 514 787 516 488 516 488 475 488 475 0 3 0 3
 65535 5 475 475 475 475 475 516 696 516 696 410 696 410 0 3 0 3
 65535 5 670 475 670 475 670 395 488 395 488 410 488 410 0 3 0 3
 0 5 644 332 644 332 644 332 644 410 644 410 644 410 0 3 0 3
5
 7153 1 16 443 423 5 0 0 18284 3
 7083 1 16 599 423 5 0 0 18284 3
 7008 1 14 144 423 5 0 0 18284 3
 7032 1 14 261 423 5 0 0 18284 3
 7004 1 14 768 423 5 0 0 18284 3
